maps/Resources/rastert_mdt_por1.txt
ncols         340
nrows         521
xllcorner     -9,5738887164656
yllcorner     36,942793821507
cellsize      0,01
NODATA_value  -9999
[rows 456 to 493 of 521, columns 85 to 169 of 340]
75 41 75 81 86 103 60 46 10 19 42 32 103 109 131 157 191 169 154 102 156 154 166 107 155 207 143 155 142 168 228 268 284 261 282 285 264 197 204 207 179 167 181 168 196 203 221 193 204 184 213 213 214 231 245 252 254 260 260 244 249 259 251 233 250 270 255 235 239 222 251 289 239 240 230 247 229 228 207 193 157 158 162 169 202
76 36 63 92 111 120 127 58 75 9 43 23 34 41 103 186 197 107 85 117 153 157 173 105 138 155 136 119 141 230 253 308 294 191 216 183 236 197 184 162 167 153 133 158 192 200 208 186 181 176 199 230 234 231 247 252 261 266 266 254 249 263 259 249 263 267 250 254 236 223 240 259 239 215 211 209 199 203 183 176 190 184 195 183 204
66 70 92 97 130 127 101 91 82 34 31 43 22 71 108 96 141 87 105 139 154 154 155 128 130 118 124 91 186 166 235 249 263 273 157 261 246 192 131 124 126 175 184 138 162 178 181 170 165 166 193 224 244 240 242 247 259 262 267 256 242 278 275 263 260 256 267 259 251 233 262 247 218 197 195 194 197 221 237 217 205 214 226 217 228
71 86 99 135 146 115 109 62 56 43 72 38 15 46 75 118 112 100 89 148 148 139 176 156 78 82 88 116 169 175 240 222 259 230 157 226 211 153 189 129 170 165 204 177 165 182 169 189 168 176 191 210 209 213 222 246 250 248 269 279 267 262 274 264 263 266 279 278 246 252 253 220 204 220 209 212 197 245 243 250 258 261 240 229 208
88 103 144 151 148 105 80 55 25 85 74 57 32 28 29 64 96 50 85 130 96 151 133 122 70 118 124 188 164 196 217 197 241 163 197 128 124 159 174 189 179 191 204 210 213 211 191 203 204 161 176 211 228 230 246 236 260 257 256 275 274 272 279 274 272 280 286 273 264 253 268 244 210 249 247 238 240 256 264 280 255 236 228 206 183
122 145 152 150 123 89 94 36 87 86 57 83 94 20 62 83 109 108 76 116 106 118 115 69 113 135 145 126 167 176 175 215 220 169 191 156 150 157 160 210 163 141 177 195 226 242 233 218 218 209 205 171 213 244 274 242 242 276 267 266 278 280 294 275 269 281 285 263 251 266 274 247 231 224 267 265 267 261 271 258 250 244 224 210 209
138 173 174 136 85 64 54 94 79 84 88 102 107 69 26 40 29 121 52 72 142 125 90 91 129 103 171 131 161 127 172 170 190 160 164 131 129 149 133 125 141 141 145 190 184 191 224 251 224 245 233 194 211 235 256 265 238 259 280 286 281 292 282 283 289 295 272 266 271 275 280 249 229 234 274 264 264 253 246 262 241 231 232 218 214
180 150 149 102 151 135 77 106 73 70 106 152 106 94 50 37 70 53 112 86 89 74 64 97 101 75 110 166 110 128 128 130 132 140 157 143 123 164 138 209 173 142 190 175 213 198 211 248 272 259 259 208 197 204 223 259 256 273 300 287 296 302 289 283 297 281 276 295 283 257 264 227 231 280 282 264 242 242 237 231 238 225 247 251 246
202 173 143 167 187 153 124 91 91 125 140 200 128 109 86 39 80 39 42 56 52 65 60 62 89 86 55 85 143 131 133 134 133 152 198 252 219 178 222 221 231 179 183 187 206 236 249 244 246 285 283 257 233 229 204 228 261 263 291 298 305 308 311 310 285 279 276 295 290 270 250 246 278 289 282 268 258 257 256 242 242 243 243 285 264
179 177 147 180 190 186 155 111 113 91 105 144 88 71 62 86 81 128 63 111 87 76 74 125 83 97 99 134 179 202 177 138 131 123 155 207 242 193 213 265 244 214 182 196 188 214 261 279 276 292 284 253 252 274 237 234 272 279 264 302 311 326 316 312 304 304 287 290 294 280 242 269 295 299 291 270 271 278 255 243 257 269 269 274 294
161 185 199 183 195 200 177 187 96 149 116 97 76 59 111 124 100 63 77 91 107 118 73 70 77 65 90 87 157 185 213 197 151 231 172 176 219 256 242 240 266 273 219 229 192 198 258 243 301 312 284 301 263 302 287 244 251 274 306 293 297 353 328 327 329 315 302 324 276 256 248 308 305 302 278 273 294 288 262 270 271 258 269 280 290
182 196 126 183 196 216 185 224 154 118 151 91 126 82 149 140 129 61 156 102 108 122 66 63 107 99 114 148 148 155 184 218 212 183 199 126 157 249 246 272 298 269 278 235 213 228 283 274 290 303 336 356 286 327 319 280 264 246 284 338 324 319 339 361 333 338 341 317 296 264 263 295 322 296 278 284 305 305 290 282 279 267 270 283 296
97 173 146 140 185 206 224 208 246 157 146 104 120 111 100 143 117 72 119 171 150 88 104 65 80 96 134 101 159 179 201 219 211 243 190 200 135 168 200 205 274 296 298 276 273 281 251 237 294 311 315 347 383 347 314 281 270 277 272 301 336 385 346 332 344 355 348 304 312 260 293 309 316 299 290 310 299 314 303 287 288 289 276 283 302
134 145 111 203 205 164 247 268 249 268 171 131 111 122 117 144 123 118 152 155 145 102 128 69 85 94 126 124 125 140 172 195 254 278 259 208 282 195 180 177 210 231 297 297 287 326 332 300 275 299 349 345 378 395 349 329 326 308 263 293 327 335 373 357 314 314 288 281 270 293 327 325 331 316 296 326 312 297 284 293 288 295 295 293 289
96 92 87 162 207 256 264 279 240 350 397 210 164 121 140 157 97 152 146 122 169 91 107 71 123 123 90 105 147 185 134 140 181 193 217 272 259 183 270 257 193 236 221 255 245 308 298 323 320 338 350 294 327 321 377 415 375 360 313 265 331 345 385 367 355 340 300 303 287 275 320 336 343 318 299 311 329 311 296 299 303 260 286 317 302
58 127 192 170 148 201 281 266 279 241 315 377 296 176 167 154 122 141 170 176 128 150 118 109 118 159 115 110 118 147 149 181 149 188 231 191 203 250 243 294 246 226 256 250 333 305 268 291 252 363 341 314 320 309 366 311 350 365 367 307 343 365 398 350 331 316 330 321 299 288 317 363 363 347 321 345 320 312 307 325 288 284 261 234 226
129 178 179 184 252 214 281 264 123 263 304 316 360 386 238 164 146 177 181 186 175 107 166 144 108 110 96 110 132 122 197 209 239 232 254 258 267 295 222 232 217 259 287 225 293 239 282 208 269 271 264 280 250 243 262 308 330 398 441 368 335 373 406 414 383 353 356 329 323 334 319 319 364 329 343 349 327 320 326 326 304 243 218 237 281
38 193 231 252 270 248 296 171 324 203 301 321 317 293 411 255 169 151 188 145 122 145 152 141 137 156 89 119 206 168 217 229 198 190 242 195 216 240 299 220 238 255 253 208 249 247 230 238 205 202 272 359 393 329 269 361 335 427 430 404 357 319 374 413 421 388 366 353 322 319 368 361 283 278 280 295 289 300 298 309 270 280 205 215 324
131 143 102 162 113 226 209 243 312 378 301 207 336 287 396 340 366 309 181 173 171 161 171 150 154 141 115 135 154 180 184 162 194 164 196 187 212 208 195 160 246 160 222 167 181 165 244 258 248 323 270 282 358 386 382 341 388 377 353 403 452 419 432 423 428 425 391 366 339 347 353 341 347 272 247 235 234 230 236 224 236 217 252 297 326
67 79 103 48 72 125 72 157 225 303 222 272 236 341 191 208 279 389 293 295 206 235 201 184 158 145 120 135 141 143 167 142 158 143 154 170 162 195 146 141 187 213 161 161 232 178 214 295 222 214 295 273 310 313 405 443 324 405 441 480 433 497 449 390 463 415 376 337 390 380 353 258 238 242 269 267 284 248 231 325 335 316 339 356 306
182 183 153 92 246 215 81 82 220 303 196 235 307 267 345 312 316 416 413 421 361 334 287 330 176 153 132 151 174 153 158 143 126 168 159 157 161 142 119 142 170 139 242 152 145 154 157 173 266 332 336 284 265 354 305 374 442 380 373 376 444 491 536 502 429 441 388 371 348 375 367 269 273 341 345 340 308 271 305 333 314 320 321 292 278
187 220 278 129 284 188 170 103 99 193 270 281 377 331 377 267 221 389 345 385 428 405 300 248 332 271 285 188 150 147 150 189 117 125 129 112 112 188 211 219 144 227 252 236 237 287 227 233 173 210 286 322 289 254 265 312 325 400 406 452 473 492 454 524 515 464 409 376 372 322 281 269 304 352 368 355 337 290 260 387 371 315 285 343 290
252 244 279 290 329 161 151 217 102 234 189 191 242 377 443 374 361 365 324 322 365 307 312 205 173 257 143 218 305 268 122 168 152 134 109 145 151 145 138 174 215 160 198 200 206 288 291 324 204 169 216 282 253 228 253 289 345 311 373 348 423 442 454 440 500 450 447 407 346 349 375 347 281 302 376 383 357 361 331 338 365 293 309 367 313
254 318 306 216 147 270 227 290 259 217 157 239 230 187 286 383 456 389 304 345 228 230 269 315 267 256 206 126 209 232 223 112 130 158 129 109 103 104 134 191 160 212 229 224 251 247 245 304 343 291 278 213 252 344 260 244 248 252 343 323 332 325 368 378 407 479 434 364 359 365 293 322 292 333 315 430 377 396 433 408 333 328 387 375 314
271 323 319 286 201 243 251 275 196 245 335 255 307 423 330 433 346 534 412 304 256 202 224 227 270 344 351 184 110 153 181 250 113 116 116 99 117 141 162 151 188 224 233 210 236 249 294 227 295 330 325 366 236 286 318 247 328 370 360 334 341 323 369 417 454 463 459 354 321 316 364 345 285 317 389 435 396 381 422 416 387 360 392 372 310
207 230 321 324 335 301 333 368 271 328 333 417 501 586 538 481 433 303 269 286 335 286 293 302 139 230 303 236 146 116 77 109 107 99 114 108 176 107 132 151 161 167 184 230 217 237 210 263 187 267 358 320 331 327 284 413 262 345 336 357 434 361 402 452 465 431 380 338 347 411 454 383 293 354 328 375 491 455 466 437 382 388 435 370 347
105 241 299 379 397 299 379 419 472 442 428 568 781 809 643 578 535 459 360 387 502 572 450 333 181 197 264 194 122 109 147 221 183 167 204 118 155 205 134 156 183 200 185 207 189 202 196 237 156 186 198 261 231 186 233 282 274 255 310 412 365 393 452 409 395 433 393 387 427 413 446 406 301 323 401 520 468 436 460 426 401 453 418 427 350
159 196 280 221 239 303 396 296 397 409 474 656 778 856 810 660 461 409 455 607 682 583 529 407 113 166 272 124 71 94 135 168 203 275 278 185 151 179 244 136 142 145 173 148 245 193 164 191 157 147 138 150 258 216 190 266 226 204 247 240 301 324 395 447 442 398 392 408 392 360 374 399 356 374 480 532 528 517 459 403 459 481 432 389 344
305 208 312 350 372 366 480 525 483 570 694 739 700 602 568 477 423 510 634 710 522 463 353 203 165 194 157 139 127 206 174 226 192 228 228 245 246 149 177 148 148 114 122 131 139 150 123 137 123 160 147 179 197 270 264 194 260 298 240 234 397 415 483 469 421 459 452 428 410 384 368 408 415 342 486 500 550 501 491 466 509 505 459 395 382
282 299 266 305 354 335 366 407 380 501 546 550 506 442 385 342 515 457 594 410 299 249 253 46 143 97 50 161 264 263 238 281 218 243 239 221 193 154 112 155 133 99 109 107 102 149 167 164 179 193 212 237 207 297 341 304 200 209 259 299 236 311 452 317 455 436 447 445 378 363 408 451 392 427 453 400 491 522 534 507 498 464 431 408 416
257 334 222 288 293 206 254 281 305 386 347 340 350 321 318 244 312 285 293 213 162 200 168 71 128 83 187 203 214 235 248 285 236 160 128 162 210 129 178 107 109 108 93 107 114 133 134 155 162 158 199 218 258 215 244 240 221 237 243 295 320 248 298 375 396 436 424 396 406 399 427 437 425 428 424 456 454 507 510 526 503 492 454 448 498
265 281 225 242 200 173 291 273 300 248 228 292 242 188 223 213 155 183 186 179 154 150 96 78 78 98 104 240 176 234 245 266 119 112 185 176 150 115 81 178 84 110 122 91 111 139 137 140 144 160 160 180 174 257 255 279 311 359 385 289 303 290 291 333 320 364 383 394 274 340 340 442 454 430 410 450 500 515 483 512 508 486 477 498 483
175 186 123 218 245 143 177 184 246 188 156 194 205 227 166 179 136 125 117 114 87 102 145 70 104 69 165 183 181 201 188 210 205 84 94 129 191 227 167 129 141 136 112 116 112 131 125 143 154 166 173 164 235 214 253 245 259 275 273 259 278 294 375 311 268 260 251 234 290 218 330 243 345 376 483 479 475 463 424 451 508 485 444 352 401
123 150 173 167 185 144 151 140 180 160 148 137 136 171 176 156 99 105 82 101 77 66 31 109 163 201 224 196 130 182 181 170 180 67 159 104 104 129 106 157 144 143 162 130 132 116 105 118 156 197 276 273 174 194 219 246 320 412 325 246 355 454 448 334 246 295 286 361 331 349 214 261 302 261 369 494 471 442 446 411 398 397 413 419 365
117 117 153 189 173 140 160 156 181 120 126 111 151 169 151 160 76 50 107 78 85 82 25 184 182 207 159 145 144 100 183 135 190 46 81 106 120 71 156 187 190 177 161 150 136 103 138 127 264 306 303 238 221 239 264 358 341 310 294 255 310 305 263 269 266 227 212 209 227 262 244 198 229 274 369 381 489 481 452 452 399 405 434 458 371
121 105 159 151 98 173 173 141 118 115 96 79 102 92 85 72 58 44 57 57 31 18 101 147 162 176 124 137 70 103 141 160 122 112 56 124 84 60 94 156 112 127 132 113 116 123 130 131 155 146 175 192 193 230 252 206 251 265 266 289 286 240 243 236 240 233 199 199 231 217 179 170 219 213 216 264 340 374 428 426 436 454 487 464 459
91 91 126 114 91 203 116 88 100 98 100 69 78 64 80 70 75 60 66 81 71 24 84 89 139 152 163 130 51 52 80 83 123 51 22 51 139 119 125 77 71 71 75 77 72 84 106 105 107 108 99 163 212 195 122 134 202 251 270 232 216 279 317 317 324 305 296 311 207 207 214 208 198 277 291 254 281 377 467 482 446 444 475 513 489
124 84 77 81 116 119 131 96 85 69 61 47 47 55 61 50 59 40 44 38 93 34 41 34 54 100 63 93 37 111 95 97 47 32 17 90 111 90 92 87 69 60 55 77 55 61 73 73 96 102 99 100 105 94 163 277 233 182 174 168 168 174 237 223 204 177 168 149 278 225 196 205 252 203 324 348 308 328 387 385 463 473 475 431 406
