maps/Resources/rastert_mdt_por1.txt
ncols         340
nrows         521
xllcorner     -9,5738887164656
yllcorner     36,942793821507
cellsize      0,01
NODATA_value  -9999
[rows 76 to 113 of 521, columns 170 to 254 of 340]
565 783 870 857 881 1097 1022 1117 1163 1162 1153 1219 1261 1059 915 800 740 667 638 722 879 879 850 844 742 723 727 665 746 780 864 734 695 746 791 832 804 732 703 584 497 458 360 351 442 404 381 370 483 322 325 297 349 330 372 470 440 454 471 345 262 219 291 267 266 239 197 227 196 288 195 216 382 404 445 651 612 597 548 543 540 412 295 327 433
541 763 758 869 976 975 969 1034 1096 1063 1089 1222 1066 865 756 668 633 632 762 813 796 794 839 898 797 723 671 639 728 758 781 687 704 742 785 740 775 699 645 600 568 533 549 486 343 301 323 366 382 385 345 372 411 406 409 371 462 358 359 358 340 323 199 213 230 220 256 368 529 324 263 281 366 451 504 689 662 622 600 577 543 321 255 370 416
475 493 725 776 1033 1134 989 974 999 1091 1157 1290 1011 809 648 572 542 693 693 697 729 813 848 853 814 729 636 625 686 726 618 716 726 655 731 815 804 698 716 579 622 645 599 509 547 497 354 354 239 305 481 430 336 288 276 366 383 367 253 331 283 332 251 193 214 259 383 506 728 414 334 268 452 518 598 607 643 592 463 425 404 281 254 284 316
771 842 732 943 957 1106 1087 1057 1080 1191 1244 1080 929 719 662 557 552 618 625 664 747 794 817 862 789 759 705 639 632 610 615 684 734 617 756 733 687 644 695 711 764 688 568 433 414 403 448 307 334 378 354 417 453 313 260 277 323 310 288 254 272 294 196 298 358 399 458 646 688 476 352 324 582 592 533 540 600 557 446 314 286 227 246 246 268
808 948 1105 1169 1195 1138 1094 1022 1079 1079 1077 909 736 622 540 570 510 631 689 748 742 735 761 809 856 770 734 650 553 602 697 693 672 541 625 614 629 721 725 744 754 550 538 453 532 546 466 400 260 460 291 262 408 356 308 343 337 315 196 178 302 382 369 439 501 508 538 567 607 704 477 401 502 609 475 442 412 467 432 332 257 207 215 242 270
615 832 1140 1265 1144 1096 948 875 938 778 896 720 628 509 508 530 569 598 631 749 712 768 821 836 846 729 726 677 601 572 619 685 629 518 602 593 699 679 732 792 773 749 653 544 605 542 535 371 233 466 374 206 246 171 181 162 206 383 259 383 358 298 308 368 430 515 562 589 636 639 553 619 658 572 540 428 369 402 459 293 227 194 220 240 304
1040 1030 1033 1217 1074 946 924 833 796 669 569 587 472 442 480 472 553 623 618 666 733 789 821 829 829 795 729 693 605 507 538 596 520 563 530 681 647 756 780 740 773 776 770 692 589 591 554 413 230 289 191 177 246 271 285 430 315 429 310 293 323 443 480 428 416 538 574 558 596 617 646 663 527 516 521 435 316 317 367 238 208 195 220 214 220
874 825 907 1032 1076 1014 772 725 589 522 450 404 442 421 483 480 548 604 676 681 719 763 797 756 771 794 738 673 605 542 435 534 434 425 531 551 624 700 713 733 802 799 712 669 682 531 516 521 461 283 189 343 332 375 408 471 533 489 453 499 451 338 330 358 365 421 541 509 557 586 643 684 611 497 400 363 279 234 227 185 180 179 234 273 338
818 855 858 863 949 990 707 596 541 435 389 384 436 459 433 479 549 605 578 699 730 694 760 742 788 846 830 744 614 564 399 481 375 443 419 523 568 716 724 788 775 755 656 721 763 548 488 610 437 326 247 272 396 463 515 624 626 521 616 658 509 445 355 445 507 577 512 525 599 617 603 543 544 530 441 353 368 287 216 183 173 263 248 282 424
717 850 860 761 877 961 752 581 434 418 405 333 425 402 445 492 502 590 665 688 692 705 711 686 826 782 843 832 635 528 408 422 398 491 539 580 659 705 712 726 683 716 655 718 775 567 475 499 500 408 265 267 439 473 554 761 735 762 766 703 559 363 507 507 536 621 571 574 629 648 604 573 531 517 573 433 340 233 191 149 217 318 379 420 453
731 694 691 692 730 753 683 569 460 442 360 385 335 458 458 466 505 587 632 637 634 646 638 771 701 800 805 810 730 614 494 295 432 506 560 561 708 789 781 684 578 558 646 736 685 685 560 304 171 287 506 451 491 467 673 749 700 750 753 716 502 399 665 430 628 657 693 618 695 653 598 553 416 426 420 347 332 251 205 162 193 238 269 348 322
755 754 791 789 755 723 661 624 489 498 534 396 347 427 541 560 560 564 589 593 598 587 667 626 670 794 762 717 658 623 605 335 342 436 520 636 657 722 702 624 572 563 530 608 661 678 597 327 197 506 503 435 490 579 638 633 723 697 714 669 431 619 704 617 724 680 723 662 703 644 521 437 359 369 278 231 225 172 138 163 321 421 363 369 385
566 500 573 487 620 704 694 609 565 405 246 253 195 357 562 549 530 565 568 584 552 587 562 623 639 672 670 646 621 610 575 374 266 490 557 587 596 660 658 608 574 563 462 472 578 629 540 459 152 235 460 460 457 552 591 670 717 805 765 669 699 768 728 765 743 703 682 680 668 593 601 443 288 262 257 244 183 150 135 252 369 508 487 458 462
841 581 557 377 348 337 504 431 556 561 403 393 189 536 476 522 593 598 517 507 567 592 604 626 627 627 653 588 538 514 453 345 255 249 353 521 513 586 604 626 630 605 567 440 461 529 483 396 281 648 643 591 683 652 639 701 860 784 764 741 764 794 833 809 729 672 623 648 579 430 327 303 223 327 182 187 171 150 127 354 457 526 516 482 453
1107 913 778 577 426 400 367 455 230 324 332 316 271 433 378 578 560 502 438 593 576 657 646 588 622 642 673 649 613 538 513 470 280 201 319 554 562 583 559 569 596 641 556 492 345 241 217 297 119 500 545 722 783 794 801 801 784 748 741 764 778 810 818 805 716 678 704 521 474 372 341 311 371 230 167 166 146 131 111 282 427 477 510 519 480
1034 786 741 721 513 465 506 383 272 172 219 289 238 290 453 422 372 361 509 615 660 648 575 572 663 626 649 720 701 684 543 441 426 170 224 504 492 548 490 564 602 525 571 521 313 196 521 441 349 445 552 694 691 719 760 750 746 704 731 777 787 845 763 807 787 734 706 590 551 500 616 567 551 359 217 164 146 112 122 364 407 486 520 505 468
968 762 587 687 672 683 614 573 377 238 162 401 157 352 493 239 352 576 581 615 645 478 404 612 644 717 715 781 657 721 566 474 248 171 229 464 445 493 604 622 585 506 416 430 406 148 438 546 462 546 661 649 650 693 716 738 707 692 729 767 799 825 740 766 625 717 654 543 615 666 690 646 526 387 273 162 152 121 122 424 454 476 504 448 452
610 493 422 433 465 650 375 316 293 241 181 252 521 542 375 246 408 452 495 592 634 417 357 443 538 604 611 679 485 509 579 522 245 270 343 465 344 465 545 535 499 266 128 131 190 290 501 297 342 551 619 671 752 730 706 691 704 724 755 778 816 751 608 511 729 712 697 584 669 706 706 728 529 364 182 146 134 103 176 183 299 340 122 161 311
742 481 427 414 605 425 416 366 290 249 207 178 451 425 206 484 414 471 529 622 536 538 281 291 398 627 737 808 531 395 257 395 202 240 420 219 298 352 363 267 218 99 319 220 111 90 197 218 376 561 566 584 643 668 723 668 663 655 643 715 791 786 592 465 730 739 714 698 724 711 727 636 434 311 207 179 138 101 160 178 138 151 294 434 300
714 443 360 491 607 411 271 243 184 273 225 145 378 185 400 467 515 532 594 601 532 304 268 242 434 646 679 612 704 620 398 196 117 299 418 316 76 122 72 77 77 194 405 294 282 321 123 79 263 522 554 632 643 716 788 530 726 627 591 628 708 680 447 415 638 806 718 682 693 734 733 588 504 370 199 147 112 97 213 211 234 270 206 334 454
532 399 278 382 601 579 391 225 158 345 329 104 263 269 429 515 519 458 535 591 560 274 270 170 343 663 612 572 348 472 452 199 82 62 123 177 148 506 540 379 351 175 385 519 462 347 318 280 116 271 349 531 635 717 653 542 737 580 557 585 633 577 290 557 763 728 618 713 813 810 725 621 503 406 209 155 119 148 194 249 292 244 284 336 437
499 306 272 190 394 493 315 122 172 195 239 105 144 215 457 537 513 207 394 451 572 312 115 356 529 378 484 422 358 239 291 210 165 413 208 147 150 212 311 529 566 424 276 497 516 374 371 403 255 106 257 471 610 596 434 637 693 585 523 616 652 567 256 648 735 583 579 711 749 787 768 664 585 412 150 132 98 190 297 252 253 334 350 452 547
233 180 323 127 342 345 145 77 119 182 152 176 345 445 492 553 511 343 132 430 290 140 214 299 209 314 316 202 397 134 75 148 90 90 289 248 197 417 621 570 600 716 507 622 537 430 560 463 407 278 255 507 519 519 479 645 537 531 546 616 666 456 196 419 566 642 593 663 649 829 693 551 487 453 98 176 129 275 440 415 456 545 535 727 853
42 36 109 198 212 207 154 61 45 113 65 256 298 412 371 480 505 367 189 163 107 222 123 85 84 90 94 73 97 79 263 358 374 213 123 174 136 250 310 539 535 609 709 731 612 590 563 532 589 180 108 290 528 282 493 393 472 485 404 454 497 234 166 276 538 478 498 540 694 722 656 512 152 103 196 130 134 342 382 347 509 710 729 785 725
335 274 270 256 124 39 56 83 158 73 282 197 88 72 117 216 232 251 67 136 444 469 268 97 436 435 414 430 247 162 225 350 421 482 451 477 222 231 250 361 419 472 604 635 595 650 615 580 589 480 346 102 146 204 107 187 111 227 229 326 283 129 122 228 401 192 287 455 523 587 444 237 365 353 124 107 317 234 391 411 407 454 568 681 730
447 460 546 415 403 187 214 139 333 189 284 402 350 242 371 395 384 104 226 253 389 390 211 105 212 360 476 545 517 425 345 186 408 366 515 658 397 394 293 226 228 478 493 598 508 574 641 639 617 602 403 235 103 232 307 260 155 110 106 113 239 178 359 177 109 102 107 180 293 254 271 95 213 128 83 140 124 165 184 372 337 322 337 376 397
554 682 746 702 596 402 334 290 332 273 183 288 512 593 470 518 400 164 182 304 401 503 285 232 242 339 453 533 545 466 431 95 96 399 587 642 656 379 454 305 202 327 395 524 432 552 535 643 559 339 281 222 134 345 540 492 415 175 443 231 216 445 590 457 297 197 450 98 99 102 99 118 237 154 139 224 350 347 314 135 187 208 291 295 349
743 838 898 794 685 577 406 457 397 284 320 503 689 606 594 538 579 289 468 323 514 605 623 428 249 620 652 667 720 562 539 383 132 393 356 494 511 570 630 601 576 453 312 274 339 388 530 626 653 382 321 310 193 329 389 462 372 255 534 447 332 390 523 472 267 258 415 336 213 323 189 301 268 141 199 328 352 372 135 426 416 417 232 360 427
907 1068 971 951 825 684 565 503 397 372 374 511 609 614 648 629 608 500 590 516 689 764 718 504 201 558 684 777 874 831 834 667 454 289 188 341 355 437 625 588 585 487 325 538 549 353 433 478 604 413 326 331 274 327 604 535 345 375 622 382 456 466 480 446 214 249 312 339 333 488 476 343 230 155 303 308 171 136 262 453 478 435 405 442 446
1098 1063 942 797 597 531 504 399 486 313 391 533 719 672 724 647 634 597 565 640 667 749 671 601 337 562 648 820 796 894 884 837 826 611 414 192 413 473 509 575 545 432 446 514 558 474 514 491 532 561 520 495 311 485 696 593 565 529 592 559 499 587 660 445 258 422 428 572 507 546 439 270 178 365 392 322 236 221 355 438 450 416 503 491 449
1030 914 726 608 644 667 507 528 490 365 394 319 669 725 761 779 685 671 592 642 659 841 732 684 515 415 657 726 844 916 861 832 863 718 578 344 260 364 474 480 556 476 533 579 596 562 564 431 448 501 564 600 560 681 681 577 537 596 541 459 433 527 584 405 383 514 629 614 640 629 455 323 304 381 338 342 245 257 382 322 280 315 397 455 519
875 798 718 654 609 600 607 555 465 469 459 358 619 736 733 843 768 715 665 656 714 832 777 725 662 337 533 583 861 925 927 881 892 842 757 495 309 628 647 688 681 638 540 544 591 628 561 569 492 454 561 685 663 651 681 594 531 511 472 443 527 534 551 414 443 556 679 698 678 522 348 258 402 389 380 267 158 176 124 249 251 417 427 603 564
831 709 707 841 809 779 682 612 550 484 434 357 425 475 603 680 767 801 756 760 730 809 822 669 651 481 400 679 685 917 921 898 921 888 775 432 353 575 707 761 753 712 661 728 710 714 602 603 547 454 560 652 659 721 672 584 511 479 440 434 470 524 566 598 521 554 626 641 574 397 391 391 396 387 348 260 244 308 254 252 124 192 277 445 659
773 739 790 845 869 797 727 602 581 492 393 473 511 521 491 618 713 807 850 852 757 842 793 617 497 456 384 504 667 816 830 854 909 860 761 635 509 556 632 676 721 681 691 865 877 782 674 699 617 503 505 582 602 655 650 580 499 434 441 497 539 561 596 597 558 574 639 603 550 440 359 418 430 410 370 248 184 336 394 361 284 255 156 271 375
729 906 846 780 783 696 660 634 548 478 417 521 457 565 570 573 711 730 869 895 749 862 823 586 485 584 439 528 562 676 791 887 934 801 709 639 546 534 602 690 707 710 755 757 898 818 765 764 683 546 504 544 564 571 626 540 480 438 479 498 525 546 579 610 613 599 683 669 463 355 376 360 419 305 376 195 259 281 420 456 417 355 115 369 205
850 916 725 623 585 553 523 531 525 562 543 491 530 684 662 765 679 763 854 885 880 872 876 641 644 725 539 545 714 767 817 854 720 684 637 616 461 577 624 648 708 829 926 922 944 829 759 711 621 692 670 655 648 594 636 569 476 454 493 518 523 556 613 654 643 668 677 661 487 373 333 264 272 374 360 341 118 397 606 503 477 417 247 163 159
942 796 766 698 733 788 747 632 571 495 487 479 537 649 755 770 692 767 796 896 878 856 827 614 676 757 597 462 719 893 881 738 649 609 583 546 474 536 554 653 682 820 881 889 958 835 771 736 800 845 707 780 721 579 680 568 538 459 468 526 498 545 607 615 608 609 521 516 415 322 334 333 209 222 231 180 157 240 307 400 393 405 475 325 149
1004 898 729 830 916 1013 882 725 637 531 501 540 494 629 809 720 724 776 759 839 863 778 712 664 663 720 616 553 673 846 828 686 660 579 519 523 624 582 592 674 695 758 841 887 939 917 866 794 872 806 836 834 745 677 717 705 589 507 477 563 568 622 550 608 578 499 395 365 318 274 313 380 320 169 297 203 146 218 267 316 296 345 370 399 266
