maps/Resources/rastert_mdt_por1.txt
ncols         340
nrows         521
xllcorner     -9,5738887164656
yllcorner     36,942793821507
cellsize      0,01
NODATA_value  -9999
[rows 304 to 341 of 521, columns 170 to 254 of 340]
138 143 145 149 161 170 161 155 159 138 170 193 203 201 179 183 190 201 206 202 215 216 209 210 204 196 202 217 226 229 243 244 253 309 328 308 313 328 363 295 278 243 246 270 302 302 308 271 293 304 307 318 329 356 338 316 317 297 279 269 265 277 275 294 309 301 309 292 300 292 283 270 250 -9999 -9999 -9999 -9999 -9999 244 250 226 227 221 206 212
149 156 173 185 175 181 175 159 167 164 171 176 201 199 200 203 219 220 204 215 220 196 192 199 187 200 204 206 218 236 222 244 243 272 330 283 297 344 334 329 292 279 239 255 275 286 271 267 297 300 273 313 322 320 334 320 310 301 295 286 262 242 267 275 298 280 293 302 276 281 282 285 286 263 244 238 238 239 251 232 234 216 221 212 205
153 159 170 165 161 162 163 187 200 183 189 187 204 205 208 194 214 220 212 215 215 220 205 175 185 210 226 210 223 205 215 224 227 257 257 260 274 303 331 330 297 308 270 246 247 254 266 279 273 270 275 295 299 311 314 310 290 315 296 276 255 243 268 273 272 267 281 290 291 278 273 257 261 273 265 248 251 235 228 230 235 226 211 204 198
161 167 156 153 149 152 167 173 179 185 175 177 197 176 201 189 192 212 234 193 211 204 200 183 185 189 183 197 202 206 204 194 223 223 260 245 264 288 305 325 304 272 285 239 244 256 252 253 271 297 297 305 317 314 302 299 287 276 276 305 287 242 265 268 243 260 266 296 296 294 281 274 292 281 280 265 282 265 281 233 248 247 225 233 232
161 160 146 147 127 133 141 159 154 162 174 190 182 167 202 191 176 194 186 172 167 182 184 196 180 170 170 186 191 196 188 208 206 226 223 250 268 271 292 314 344 283 260 228 253 253 269 293 295 278 303 312 311 304 283 304 293 262 273 273 266 281 242 249 272 252 268 269 284 287 303 303 311 295 280 293 292 296 265 273 264 250 255 221 224
118 147 166 121 120 142 147 152 147 169 176 174 178 150 182 179 188 156 160 187 214 223 254 214 196 190 201 201 200 179 190 185 185 211 247 248 240 251 273 289 303 264 227 238 274 290 281 301 303 300 301 316 288 289 267 267 268 260 257 244 244 238 230 233 247 256 245 257 241 276 277 279 284 274 251 275 274 307 308 293 292 297 258 241 248
216 197 197 176 176 170 123 122 139 143 156 165 159 165 160 174 166 171 178 216 212 237 224 224 213 228 220 195 191 209 194 212 222 216 191 237 224 235 250 249 252 228 247 259 265 259 281 272 282 298 313 304 296 281 270 264 258 248 250 259 253 248 248 240 228 228 237 244 257 270 264 275 264 263 257 301 299 301 316 309 308 270 268 256 270
198 204 198 208 208 182 167 152 154 134 122 141 165 170 181 192 216 212 163 190 203 229 246 239 227 237 218 203 193 198 217 206 239 196 204 259 202 212 218 210 213 244 251 244 235 253 260 282 284 301 298 285 278 270 274 266 269 256 262 260 270 267 253 246 262 258 235 238 225 263 231 257 238 242 244 269 289 309 317 317 315 307 267 271 274
200 192 197 200 205 207 178 154 169 160 168 139 156 157 175 166 201 212 219 179 211 200 214 236 240 246 231 215 215 192 238 231 226 236 216 231 236 219 231 227 221 236 239 251 252 264 252 274 282 283 298 276 283 280 282 284 271 259 277 269 277 258 251 253 253 246 247 234 226 247 252 252 238 227 252 276 320 302 311 315 315 301 294 283 258
164 162 176 180 191 202 196 174 159 189 188 194 187 198 186 208 178 207 211 228 224 199 218 236 228 238 239 221 199 210 246 242 236 258 248 243 243 220 251 271 271 264 270 281 262 275 278 278 281 288 289 289 302 297 294 293 295 270 282 292 272 264 261 251 229 231 224 223 251 243 244 232 234 232 266 266 284 317 300 280 280 283 273 270 266
197 202 201 191 207 189 193 207 191 167 197 222 208 201 215 198 208 189 223 229 232 206 194 228 237 236 245 213 227 198 221 218 251 266 258 244 263 238 220 255 256 263 264 293 291 307 290 315 291 298 302 285 308 296 296 289 291 288 288 297 276 262 263 235 252 227 247 235 246 227 232 249 221 226 270 263 301 291 279 240 271 245 258 265 254
198 189 194 211 216 211 208 206 194 216 207 221 220 225 211 210 211 209 184 212 219 240 233 225 216 227 245 250 228 226 207 224 255 249 262 260 250 251 253 237 238 250 251 270 288 282 290 297 311 309 297 304 306 322 309 304 305 301 308 306 288 288 270 248 259 259 245 261 259 264 234 250 237 194 219 235 245 242 256 233 225 273 228 273 244
221 217 220 208 216 214 213 211 206 208 212 204 223 232 216 231 220 216 219 197 219 223 218 241 244 239 227 244 241 245 219 225 226 273 268 260 261 261 259 256 246 242 256 251 275 272 275 312 304 300 308 305 310 324 300 310 328 316 307 298 300 293 248 274 297 287 272 269 265 244 266 230 217 213 194 212 229 246 246 225 211 237 232 272 242
213 223 224 224 214 222 227 222 218 216 229 235 227 216 242 240 240 242 246 225 202 200 228 214 233 264 259 246 254 237 246 228 235 221 259 267 271 260 273 273 271 249 264 241 259 277 279 281 284 309 324 327 312 338 307 329 343 320 326 330 331 325 334 326 315 301 300 274 277 261 247 236 231 239 205 219 186 207 213 213 200 217 219 220 230
207 217 216 221 223 218 228 225 221 220 226 240 236 249 246 242 245 240 244 249 222 239 227 223 225 241 258 263 265 248 258 236 233 242 238 275 276 265 281 276 272 256 262 284 285 277 282 282 291 296 308 329 326 324 324 320 332 332 347 359 354 352 366 366 341 322 300 310 299 273 273 274 238 257 263 244 218 184 193 191 206 202 212 213 222
213 212 214 219 220 223 216 225 220 224 220 231 243 244 251 253 258 253 255 250 228 245 236 241 234 239 225 273 281 272 269 255 240 224 233 246 277 275 283 295 274 249 261 252 291 287 298 314 294 285 300 309 307 334 339 326 342 357 358 364 374 369 371 381 370 337 334 315 316 284 265 251 242 250 258 222 218 208 177 200 191 190 207 217 228
195 204 205 212 214 216 222 220 220 221 219 228 235 244 258 265 252 283 274 268 262 269 260 249 247 266 261 244 253 274 269 278 273 268 241 261 268 309 299 307 271 276 292 263 269 301 321 324 319 329 329 304 316 332 343 350 339 366 381 392 388 377 392 400 382 368 356 334 330 321 283 250 264 262 242 245 280 207 176 178 197 195 202 210 199
197 206 205 214 209 203 211 210 216 213 222 224 230 245 253 296 279 315 293 282 283 277 286 291 278 276 268 258 261 270 284 291 293 275 257 287 254 261 303 335 310 282 298 284 262 273 269 295 304 319 323 329 342 341 359 356 351 373 393 399 399 393 399 405 391 385 358 343 330 306 300 285 273 269 258 215 238 210 181 174 185 190 190 203 187
179 190 210 196 199 204 215 195 205 207 221 219 227 230 240 253 296 288 319 365 311 302 304 302 292 308 296 268 260 279 302 306 291 276 298 283 284 297 277 311 347 317 312 299 280 274 288 288 277 288 300 318 331 339 348 340 353 379 391 404 430 404 413 414 397 405 366 356 339 309 272 276 275 240 245 241 211 201 200 191 174 183 188 185 185
172 175 180 198 199 198 195 215 213 221 221 225 228 230 234 246 254 282 284 304 316 416 409 328 304 306 304 291 292 292 296 299 297 282 301 280 286 270 302 297 298 324 328 360 317 298 282 297 311 302 292 308 323 327 327 363 360 358 376 405 428 441 446 434 441 419 370 350 340 324 293 285 218 215 202 195 227 194 204 183 175 178 178 181 -9999
205 211 208 187 202 215 204 224 208 205 228 225 234 230 242 245 239 254 271 296 343 406 395 360 372 357 342 308 283 300 301 326 318 310 303 300 295 282 282 320 299 312 311 341 388 334 302 297 308 308 320 300 319 329 351 364 402 395 399 404 428 444 436 403 398 384 385 356 382 353 257 239 210 274 254 253 236 206 186 175 175 171 -9999 -9999 -9999
196 209 200 210 221 226 223 221 231 230 216 214 223 231 239 241 248 260 271 280 312 343 420 374 342 330 323 309 306 320 334 342 331 327 353 321 295 301 307 320 311 305 324 342 348 370 313 301 316 311 311 321 315 316 336 361 394 432 413 414 428 457 416 396 367 346 370 334 341 326 274 300 249 230 212 216 232 208 198 186 186 173 166 -9999 -9999
202 203 179 190 212 214 205 234 217 235 234 240 228 238 237 244 250 266 273 286 289 320 352 366 399 362 339 333 345 342 320 356 339 349 339 320 313 319 332 323 314 307 326 335 343 329 319 320 326 321 314 329 324 334 346 356 375 414 438 434 448 436 417 404 390 384 364 304 282 283 264 242 238 202 193 192 199 213 196 191 189 171 166 -9999 -9999
161 190 174 193 181 194 188 219 233 236 235 243 237 236 245 244 241 256 258 278 278 295 316 337 393 395 401 370 365 364 373 347 369 357 341 340 331 333 328 321 312 322 317 335 345 337 336 337 336 322 333 346 334 340 340 346 356 399 417 452 448 460 413 394 377 366 346 315 308 296 294 290 253 210 187 183 179 198 194 189 187 167 169 177 -9999
212 176 198 208 207 203 196 180 195 218 222 212 224 231 239 232 239 235 250 267 279 277 295 315 342 367 396 410 408 400 384 377 385 379 381 370 351 341 346 347 325 332 344 324 333 347 330 318 336 326 318 313 329 321 309 340 337 375 399 439 445 459 422 401 370 356 324 314 303 276 268 282 259 219 225 208 195 177 179 171 175 168 162 -9999 -9999
213 194 202 223 223 231 215 201 180 189 208 234 236 211 214 218 242 250 253 250 262 278 288 295 310 357 384 404 415 420 426 416 416 415 397 377 364 356 356 340 345 351 353 356 337 329 336 313 294 312 292 305 318 336 309 312 323 338 380 406 443 461 416 404 375 346 310 296 284 274 250 260 219 197 225 215 215 170 167 164 161 -9999 -9999 -9999 -9999
215 227 225 210 235 231 242 225 192 204 209 196 197 234 228 232 223 233 238 256 258 267 275 306 312 333 353 369 409 433 453 427 428 444 431 418 421 390 372 356 349 367 358 371 347 331 303 299 292 294 278 305 298 337 302 285 299 326 332 384 404 453 426 370 344 328 302 263 292 275 237 224 238 189 212 208 182 163 161 166 -9999 -9999 -9999 -9999 -9999
210 226 232 219 233 241 222 204 205 239 236 216 214 196 205 220 224 245 244 262 268 274 285 299 308 326 331 351 388 389 429 440 475 480 456 438 427 412 406 396 413 374 364 338 338 332 327 310 280 265 303 268 285 317 306 283 286 290 305 349 404 437 392 328 320 291 260 230 248 288 228 223 192 201 185 197 171 166 161 -9999 -9999 -9999 -9999 -9999 -9999
223 223 230 240 227 242 242 231 215 229 230 237 244 214 224 214 234 238 260 258 263 262 268 306 304 312 325 334 350 373 408 425 464 458 468 459 436 432 429 420 405 411 364 340 335 340 319 301 308 282 281 301 299 299 291 292 254 275 289 309 377 419 334 306 295 304 248 218 235 258 239 189 181 195 174 177 155 156 163 -9999 -9999 -9999 -9999 -9999 -9999
235 260 230 243 247 246 227 207 219 244 250 240 242 237 233 204 219 253 229 263 261 279 273 285 266 286 306 321 363 376 374 402 442 461 480 461 440 436 432 424 446 412 383 347 326 317 307 296 308 305 238 286 293 291 306 275 255 260 278 278 307 334 315 287 256 246 276 226 216 198 220 196 184 166 160 146 148 150 -9999 -9999 -9999 -9999 -9999 -9999 -9999
257 235 234 234 250 238 225 209 231 245 244 272 252 241 224 222 222 228 219 231 257 266 248 271 289 305 303 324 314 326 369 371 395 442 467 462 465 439 442 467 426 412 380 407 369 359 300 285 295 301 257 280 289 270 291 285 245 228 260 266 267 273 349 240 251 283 252 245 210 188 190 164 179 135 -9999 -9999 -9999 -9999 -9999 -9999 -9999 -9999 -9999 -9999 -9999
248 241 241 241 247 248 240 209 227 253 265 270 278 251 244 255 243 235 247 219 222 229 233 243 255 279 306 284 283 288 303 369 371 396 414 431 428 433 459 464 476 435 407 419 447 367 340 305 255 256 282 222 288 273 273 289 255 219 222 226 244 236 213 202 248 299 236 219 192 181 176 181 -9999 -9999 -9999 -9999 -9999 -9999 -9999 -9999 -9999 -9999 -9999 -9999 -9999
274 250 241 257 245 236 219 216 255 263 324 284 270 286 282 259 257 253 276 253 262 246 265 233 238 249 275 337 305 332 286 302 315 352 376 377 406 408 451 457 492 472 448 419 404 405 350 323 285 267 257 256 231 252 256 268 247 229 208 218 208 207 210 224 232 222 204 207 182 179 175 151 -9999 -9999 -9999 -9999 -9999 -9999 -9999 -9999 -9999 -9999 -9999 -9999 -9999
271 270 256 259 237 235 242 229 244 258 311 353 323 278 299 299 319 266 290 280 269 274 274 265 262 245 265 271 339 360 361 308 307 329 338 352 351 370 397 431 441 459 469 451 408 403 380 368 290 267 275 238 208 209 255 261 262 246 208 186 191 190 179 195 220 191 166 185 181 156 139 -9999 -9999 -9999 -9999 -9999 -9999 -9999 -9999 -9999 -9999 -9999 -9999 -9999 -9999
290 284 273 258 275 280 252 232 244 317 340 343 317 313 337 381 364 325 371 379 334 347 318 299 291 282 291 276 289 332 392 400 345 323 311 309 339 345 351 378 402 430 422 449 442 413 408 361 341 308 254 258 211 202 223 230 253 249 221 206 230 166 180 175 201 195 189 154 -9999 -9999 -9999 -9999 -9999 -9999 -9999 -9999 -9999 -9999 -9999 -9999 -9999 -9999 -9999 -9999 -9999
269 273 283 297 273 290 276 246 246 268 282 301 309 303 319 336 359 349 421 482 453 385 391 335 296 317 341 437 308 287 313 397 413 370 311 284 288 316 333 347 365 386 388 402 418 438 406 387 381 320 296 242 224 191 214 233 243 228 252 197 212 170 154 156 181 185 167 137 -9999 -9999 -9999 -9999 -9999 -9999 -9999 -9999 -9999 -9999 -9999 -9999 -9999 -9999 -9999 -9999 -9999
275 281 285 295 299 288 279 288 268 328 293 300 300 308 289 301 330 329 388 433 408 407 369 393 373 375 360 395 523 369 343 439 498 483 357 302 276 288 287 326 334 360 383 391 389 366 414 380 367 328 307 280 262 251 184 214 222 233 184 190 165 170 158 142 152 155 -9999 -9999 -9999 -9999 -9999 -9999 -9999 -9999 -9999 -9999 -9999 -9999 -9999 -9999 -9999 -9999 -9999 -9999 -9999
299 314 313 315 343 306 320 308 310 313 319 304 278 271 306 302 297 308 335 357 380 403 378 450 470 463 452 386 522 551 522 416 459 558 529 364 289 273 279 288 320 332 346 376 400 378 376 369 355 348 305 276 245 220 217 177 173 181 180 179 156 163 189 166 140 -9999 -9999 -9999 -9999 -9999 -9999 -9999 -9999 -9999 -9999 -9999 -9999 -9999 -9999 -9999 -9999 -9999 -9999 -9999 -9999
