maps/Resources/rastert_mdt_por1.txt
ncols         340
nrows         521
xllcorner     -9,5738887164656
yllcorner     36,942793821507
cellsize      0,01
NODATA_value  -9999
[rows 38 to 75 of 521, columns 170 to 254 of 340]
1028 956 995 1024 996 984 939 875 862 887 870 858 872 869 890 874 833 825 898 915 946 922 875 745 701 645 565 563 642 679 647 596 568 614 493 460 430 388 408 424 413 384 344 346 345 355 375 520 570 606 601 674 727 884 892 860 806 747 730 639 685 622 618 591 658 680 699 679 711 576 382 481 561 652 591 577 531 626 668 502 397 668 740 760 771
900 900 908 890 869 891 873 866 892 890 856 863 867 847 835 814 872 768 855 860 895 928 1014 909 707 595 553 562 602 578 597 553 678 573 461 438 410 387 385 368 394 352 345 347 360 386 551 604 670 743 798 834 844 826 826 805 785 711 657 607 658 667 661 712 677 655 611 618 601 437 598 590 591 614 646 565 526 555 500 378 413 438 600 750 757
862 853 902 862 863 876 860 872 847 853 973 989 930 930 935 924 840 790 818 868 893 978 1048 957 765 584 548 539 584 548 586 631 671 516 451 433 413 437 381 358 357 345 344 348 366 478 563 656 768 794 795 797 781 801 762 731 729 671 605 650 728 724 736 723 706 682 648 559 524 524 486 542 606 543 572 602 447 518 449 454 603 811 670 606 630
797 839 850 855 850 846 833 849 873 873 1019 1093 1001 916 938 862 818 760 856 835 888 1065 1083 858 669 570 543 536 560 630 695 588 481 449 437 410 432 438 404 354 355 345 343 351 393 560 645 708 776 692 743 755 758 743 722 647 647 611 650 756 764 729 711 722 702 670 571 501 401 398 473 569 574 597 532 377 400 491 384 482 512 628 719 794 736
793 856 877 890 969 959 942 916 976 1002 965 1018 972 895 856 863 773 772 842 884 960 1036 1086 932 645 573 547 527 596 634 623 477 427 450 405 387 470 450 410 352 345 346 346 367 434 560 667 693 710 760 825 786 720 671 726 620 592 619 692 768 708 694 723 705 655 624 535 405 485 542 542 534 524 507 547 517 342 337 355 477 431 538 649 673 713
873 963 1039 1022 1086 1064 1075 1104 1068 1033 996 959 1009 900 825 857 749 820 851 901 940 948 694 646 541 548 506 548 598 583 547 497 477 414 372 422 394 348 400 357 347 361 394 408 593 616 639 688 677 693 800 815 734 635 647 585 575 715 749 708 663 654 634 634 547 491 358 349 504 541 583 510 496 494 481 373 340 580 710 584 497 456 566 604 575
1053 1000 1071 1148 1106 1049 1019 967 1010 963 966 945 940 878 874 778 790 802 812 730 753 743 680 547 539 510 567 695 576 547 509 437 435 368 376 402 427 376 443 379 353 382 455 637 769 766 735 775 783 787 826 785 726 685 639 688 607 722 715 659 606 546 545 572 479 469 327 489 501 526 497 497 432 421 353 349 422 504 598 660 636 658 562 587 638
1091 1189 1217 1198 1106 1062 1029 934 959 978 966 949 955 844 778 728 772 836 828 613 552 591 540 560 573 541 602 708 534 499 532 476 394 348 415 452 489 463 461 434 421 457 670 865 886 845 791 799 804 799 791 794 757 704 735 673 541 695 618 559 516 496 502 523 523 465 404 425 484 479 505 412 398 419 378 397 422 441 490 540 654 650 633 644 626
1218 1170 1164 1125 995 1005 975 873 1018 1015 973 953 945 873 799 741 748 796 670 581 503 478 494 515 503 561 668 683 493 482 475 337 414 449 481 506 563 526 506 484 518 757 846 861 850 828 801 789 773 751 779 731 745 711 689 659 674 491 566 449 441 429 404 492 448 409 401 444 453 449 437 421 373 337 340 351 400 402 416 539 566 619 617 573 632
1108 1016 1120 989 840 968 984 845 993 940 925 920 956 895 849 754 759 743 754 794 585 507 486 584 636 585 530 547 515 353 325 466 491 572 582 615 652 627 577 608 716 836 816 823 824 830 782 776 705 753 724 745 735 680 621 617 539 531 468 523 458 373 403 427 397 279 397 443 397 379 404 341 375 300 269 319 427 447 515 547 604 577 499 489 424
910 981 903 754 779 838 919 834 924 923 899 943 986 868 798 738 794 784 867 797 586 471 597 654 603 528 465 451 431 330 342 413 478 520 583 705 709 589 447 560 716 743 788 821 825 794 752 738 690 698 698 654 678 664 640 592 628 641 556 440 476 405 377 403 317 343 433 431 375 334 330 326 310 321 372 381 399 410 591 564 478 535 476 392 552
815 859 859 703 855 797 781 798 893 848 958 977 986 914 828 711 729 766 843 719 485 620 726 549 514 454 437 333 352 340 360 428 563 566 616 623 595 426 611 770 788 849 813 835 810 797 728 668 620 658 687 665 614 650 647 639 639 600 581 428 474 453 378 352 276 388 454 395 367 333 326 317 272 320 326 347 302 440 468 496 428 319 395 387 358
835 788 723 657 738 697 711 730 818 799 871 951 939 821 691 725 784 833 884 754 576 522 584 540 472 317 439 383 385 352 415 424 392 488 517 530 415 481 685 818 843 874 852 830 821 797 763 695 636 615 603 590 577 591 610 597 595 545 430 387 442 415 395 272 437 411 417 404 370 318 301 282 299 321 298 312 269 287 338 342 302 388 477 504 457
852 673 677 661 669 681 707 643 618 746 863 939 757 588 586 695 876 880 781 699 499 362 463 378 299 335 309 310 371 348 336 357 392 456 488 475 371 462 680 770 843 902 887 836 836 792 777 666 647 519 574 539 540 590 599 547 561 553 466 409 358 390 344 378 399 408 396 368 354 358 298 266 254 287 257 265 325 317 482 316 330 360 417 409 401
663 604 572 691 794 764 658 529 567 617 637 745 622 536 611 715 939 930 704 580 414 319 540 507 442 427 473 406 550 382 349 336 361 418 370 364 385 547 670 788 847 850 900 922 868 813 676 640 579 598 531 491 533 563 550 524 521 490 514 438 359 334 285 317 395 375 382 364 329 316 253 274 300 274 281 313 396 534 534 515 432 539 518 564 502
784 861 748 627 586 704 647 533 473 532 615 717 583 485 558 805 748 767 632 446 368 592 627 530 519 561 492 531 587 405 369 341 427 370 397 361 421 592 685 739 780 855 897 897 882 843 762 606 537 480 521 488 491 508 484 483 457 464 527 451 420 321 309 284 337 345 347 333 313 280 259 263 289 327 285 318 376 449 439 485 579 579 567 462 550
664 573 602 757 577 634 722 501 515 586 681 567 556 566 638 886 672 448 468 343 443 662 724 612 643 601 642 672 593 410 409 465 462 371 410 485 505 759 809 827 864 930 917 875 829 823 820 674 596 527 447 472 455 469 432 467 416 433 461 428 395 364 320 350 364 359 321 313 340 331 241 279 304 311 287 375 404 425 431 466 588 580 581 529 584
754 570 502 468 528 520 610 455 486 677 540 457 579 613 734 539 428 294 358 522 681 839 747 658 639 654 708 728 618 476 595 550 462 397 580 713 611 778 896 900 890 884 861 875 832 844 792 748 641 495 512 490 424 431 370 408 405 420 441 416 398 262 319 380 379 352 311 302 276 275 257 330 345 301 353 335 330 355 398 532 602 609 607 570 601
859 792 736 607 537 422 438 400 527 444 523 595 644 588 515 505 328 301 491 509 622 648 647 574 627 586 611 693 580 629 685 538 494 440 648 837 719 908 920 880 872 874 820 802 814 813 736 710 641 542 477 465 361 367 335 391 384 399 438 395 416 321 318 336 347 340 295 289 290 334 296 294 327 308 345 395 415 440 521 574 584 578 583 616 642
1008 886 739 753 605 467 421 537 581 570 567 536 520 507 320 385 446 481 498 508 563 517 514 516 531 653 724 611 571 599 645 668 558 523 768 983 1044 949 890 863 810 816 737 772 798 696 605 575 451 540 468 411 368 361 293 348 363 410 401 382 368 268 313 326 330 318 282 261 293 267 269 317 275 317 457 528 563 568 552 534 511 493 580 609 653
800 693 606 498 513 473 470 559 431 416 379 425 287 384 390 510 510 623 710 697 736 654 668 620 543 558 582 555 573 604 628 683 612 694 990 1076 1011 924 869 829 802 835 783 742 762 721 666 558 487 394 384 370 304 306 315 278 260 346 351 322 287 227 272 302 356 355 327 281 235 254 240 295 297 341 411 500 518 523 514 478 458 468 505 562 571
821 766 606 398 360 383 561 576 424 372 255 406 344 403 450 577 600 767 899 842 945 835 747 729 690 614 579 566 599 626 654 707 777 986 1066 1097 1042 956 950 864 854 838 772 688 726 711 710 651 547 530 484 448 412 387 352 301 275 271 234 235 231 245 254 289 322 329 335 331 283 228 311 291 348 383 473 451 481 452 470 445 415 396 476 493 601
656 597 492 338 392 460 464 280 353 259 284 302 509 617 547 761 840 969 1175 1072 1001 959 902 842 763 643 610 588 615 717 850 936 1040 1031 1052 1074 999 964 887 831 812 790 757 733 682 702 705 594 563 579 509 478 442 362 343 335 364 370 301 258 262 266 225 290 291 333 299 303 326 246 245 287 305 374 401 414 433 447 448 399 383 431 484 531 540
597 517 360 234 405 301 236 205 254 300 493 470 474 825 849 950 1059 1056 1037 1003 974 941 975 915 686 606 582 657 761 895 968 999 999 1020 1042 1012 975 923 867 869 851 775 625 601 619 662 668 581 558 498 516 496 429 414 388 369 406 342 307 314 286 240 241 238 274 327 320 283 247 222 246 256 296 383 422 351 359 401 375 351 368 408 470 477 526
341 215 206 209 211 284 371 337 329 419 579 794 616 600 775 1000 1027 1006 1008 956 932 911 914 777 640 598 662 886 906 931 938 956 922 1015 1047 971 1009 977 872 841 767 761 627 674 687 747 670 560 513 481 444 450 378 363 365 373 328 345 318 300 323 264 323 248 256 284 277 256 216 230 251 268 251 328 377 304 318 339 312 337 389 453 488 480 508
321 304 458 455 492 412 580 466 397 601 691 1010 912 913 794 833 960 950 968 954 928 924 899 658 610 670 825 947 880 885 875 884 927 967 889 875 900 873 857 716 654 646 564 602 677 702 609 498 436 435 363 346 340 318 345 303 398 316 295 308 318 309 288 278 255 214 249 243 240 245 234 245 235 261 290 274 282 264 310 394 436 412 453 453 502
631 546 663 649 688 629 624 727 565 834 847 870 949 884 933 1006 925 924 938 941 913 935 822 665 814 894 959 928 846 862 854 873 871 867 832 866 765 725 785 760 611 531 603 639 732 630 632 555 482 489 420 369 342 371 393 364 447 409 410 403 391 381 319 274 248 245 216 218 231 243 236 256 273 254 270 282 265 369 393 442 490 561 538 480 457
556 718 676 639 620 656 677 659 660 835 819 874 845 849 892 911 891 908 935 910 904 922 744 823 923 978 934 877 844 772 833 795 807 804 829 681 710 631 769 707 658 586 710 629 691 537 526 489 521 468 401 408 392 430 449 428 537 449 484 412 366 313 288 304 296 301 278 212 269 215 226 235 236 304 332 325 379 383 462 520 582 591 554 510 513
540 474 469 545 643 665 692 716 782 931 969 881 968 933 940 865 868 895 895 904 860 798 712 802 969 1023 1060 1003 911 820 796 774 794 742 754 787 809 732 640 633 578 595 738 707 672 708 699 706 576 571 498 419 458 528 582 552 610 557 535 479 453 382 343 359 327 324 298 241 214 223 278 268 283 260 336 355 394 501 520 557 579 631 597 518 560
362 316 441 573 636 638 627 649 880 1073 1019 951 972 1047 955 961 914 890 937 848 796 702 764 871 1022 1062 1010 924 829 762 722 770 745 683 761 730 758 747 709 576 590 675 676 674 611 651 679 700 632 589 580 543 499 648 774 610 659 656 608 603 462 410 368 385 367 359 296 264 207 234 259 287 379 420 323 283 415 368 417 485 477 516 512 543 538
412 350 324 303 350 344 461 653 873 1042 1096 1078 1030 1095 1042 969 932 949 938 790 696 688 818 990 1103 1010 982 899 813 773 773 711 673 666 725 663 750 657 608 538 590 570 603 628 601 665 694 658 599 588 610 597 592 741 885 800 758 769 873 660 491 438 418 391 383 353 331 264 216 248 274 377 486 572 574 413 348 380 353 363 429 456 484 507 565
507 611 587 452 402 533 415 486 730 957 991 997 1094 1134 1092 1009 948 797 738 685 677 737 798 1021 971 889 844 861 840 835 781 794 755 705 677 687 656 674 549 644 565 665 645 604 635 625 677 686 648 615 617 637 658 729 785 788 813 747 742 563 470 425 389 380 359 344 323 304 221 288 267 321 412 484 536 551 580 608 471 393 416 455 596 705 708
681 895 783 603 603 649 616 785 915 923 945 941 1008 1108 1192 1071 858 699 695 682 679 718 937 1021 934 810 818 818 852 879 825 784 742 725 757 679 573 487 542 607 686 644 547 550 591 656 715 755 775 612 495 708 682 815 645 734 698 542 487 434 441 387 376 370 359 364 294 266 217 252 265 262 331 382 414 454 462 520 661 650 613 548 567 726 794
819 838 872 742 846 826 857 1078 1017 987 951 972 1051 1137 1161 955 795 737 691 671 676 845 1013 982 894 784 784 823 854 836 803 786 738 734 770 758 719 561 592 639 647 617 600 482 528 569 594 596 699 775 506 497 543 511 519 535 576 530 467 389 372 379 332 332 342 359 369 335 307 342 215 235 332 334 407 371 390 441 550 646 666 638 711 758 685
712 690 766 757 841 832 1100 1186 1183 1065 1056 1042 1098 1140 1126 889 744 736 688 670 762 931 956 1004 867 759 753 779 785 785 833 838 743 752 794 769 742 710 449 643 586 634 603 539 462 501 537 530 531 522 463 427 427 433 452 480 532 510 463 441 390 359 318 322 340 352 359 369 335 357 221 242 328 299 329 311 352 362 435 515 605 619 690 550 744
680 616 612 722 818 892 1153 1209 1232 1160 1186 1174 1176 1177 1006 876 739 757 712 724 838 954 1055 1055 1088 822 701 746 751 872 793 767 755 839 857 866 742 697 623 461 543 506 584 614 455 492 530 438 493 430 366 420 419 426 458 510 496 467 403 429 395 318 279 298 352 379 372 331 381 327 195 212 306 292 321 348 345 376 461 652 671 614 477 510 627
507 571 670 838 913 1063 1132 1225 1239 1197 1223 1231 1236 1163 999 837 741 798 708 741 890 995 1065 1005 1032 818 692 685 804 763 737 846 797 892 932 853 763 690 641 543 431 501 476 462 461 442 451 454 500 443 369 380 419 401 427 461 520 477 357 387 364 288 256 340 362 376 308 326 526 382 233 206 280 429 378 417 396 481 477 504 576 554 454 439 720
499 585 670 826 924 1116 1178 1199 1191 1192 1204 1207 1237 1176 1007 814 817 769 693 737 895 991 952 822 760 810 694 688 699 821 881 887 727 860 865 842 788 692 670 625 501 396 446 427 422 447 410 446 358 433 383 379 377 359 449 459 560 464 451 341 288 229 273 318 345 281 259 268 340 421 201 244 365 360 491 576 509 458 508 507 493 372 355 544 549
